37  36  35  34  33  32  31
38  17  16  15  14  13  30
39  18   5   4   3  12  29
40  19   6   1   2  11  28
41  20   7   8   9  10  27
42  21  22  23  24  25  26
43  44  45  46  47  48  49

get from 1 to 49
R
U
LL
DD
RRR
UUU
LLLL
DDDD
RRRRR
UUUUU
LLLLLL
DDDDDD
RRRRRR




   | -1   0   1   2
---+----------------
-1 |  5   4   3  12
 0 |  6   1   2  11
 1 |  7   8   9  10

(-1, 2) -> (0, 0)
|0 - 2| = 2
|0 + 1| = 1
 2 + 1  = 3


   |  0   1   2   3
---+----------------
 0 |  5   4   3  12
 1 |  6   1   2  11
 2 |  7   8   9  10

(0, 3) -> (1, 1)

|1 - 3| = 2
|1 - 0| = 1
 1 + 2  = 3


R
U
LL
DD
RRR
UU FOUND